1.000000000
0.814617217
0.663601279
0.540580988
0.440366626
0.358730227
0.292227834
0.238053814
0.193922758
0.157972813
0.128687382
0.104830950
0.085397102
0.069565952
0.056669619
0.046164051
0.037606031
0.030634521
0.024955409
0.020329105
0.016560441
0.013490420
0.010989529
0.008952259
0.007292665
0.005940731
0.004839421
0.003942276
0.003211446
0.002616099
0.002131120
0.001736047
0.001414213
0.001152043
0.000938474
0.000764497
0.000622772
0.000507321
0.000413273
0.000336659
0.000274248
0.000223407
0.000181991
0.000148253
0.000120770
0.000098381
0.000080143
0.000065286
0.000053183
0.000043324
0.000035292
0.000028750
0.000023420
0.000019078
0.000015542
0.000012660
0.000010313
0.000008401
0.000006844
0.000005575
0.000004542
0.000003700
0.000003014
0.000002455
